3x3 Grid:

throughput: 495.751 470.434 455.653 446.438 439.27 433.857 429.895 427.069 425.079 423.688 422.761 421.53 420.805 419.764 418.963 418.116 417.466 416.716 415.585 414.69 414.169 413.667 412.96 412.504 412.108 411.484 410.712 409.951 409.129 408.337 407.691 407.061 406.49 405.822 405.194 404.743 404.154 403.549 402.971 402.469 401.978 401.46 400.958 400.572 400.335 400.047 399.665 399.279 398.822 398.219 397.619 397.154 396.843 
fairness: 0.558783 0.542417 0.529358 0.5214 0.515744 0.512652 0.510686 0.508929 0.507372 0.505595 0.504504 0.502958 0.501268 0.49904 0.496622 0.494083 0.491786 0.49007 0.488351 0.486563 0.485057 0.483604 0.482154 0.480502 0.478856 0.477227 0.475617 0.474017 0.472735 0.471892 0.471527 0.471147 0.471227 0.471231 0.471108 0.471195 0.4711 0.470838 0.470718 0.470507 0.469941 0.46928 0.46842 0.46777 0.466997 0.466366 0.465894 0.465558 0.465474 0.465502 0.465714 0.465999 0.466346 
meanDelay: 0.0580633 0.0580633 0.0580633 0.0580633 0.0580633 0.0580633 0.0580633 0.0580633 0.0580633 0.0580633 0.0580633 0.0580633 0.0580633 0.0580633 0.0580633 0.0580633 0.0580633 0.0580633 0.0580633 0.0580633 0.0580633 0.0580633 0.0580633 0.0580633 0.0580633 0.0580633 0.0580633 0.0580633 0.0580633 0.0580633 0.0580633 0.0580633 0.0580633 0.0580633 0.0580633 0.0580633 0.0580633 0.0580633 0.0580633 0.0580633 0.0580633 0.0580633 0.0580633 0.0580633 0.0580633 0.0580633 0.0580633 0.0580633 0.0580633 0.0580633 0.0580633 0.0580633 0.0580633 
PktLoss: 0.00762923
5x5 Grid:

throughput: 319.52 361.553 389.802 409.818 424.915 436.256 445.582 453.209 459.612 464.957 469.474 473.345 476.608 479.57 482.309 484.621 486.683 488.604 490.345 491.899 493.305 494.521 495.675 496.78 497.863 498.849 499.6 500.371 501.074 501.746 502.459 503.178 503.904 504.498 505.078 505.645 506.209 506.614 507.046 507.49 507.953 508.396 508.828 509.187 509.529 509.85 510.196 510.51 510.856 511.172 511.52 511.804 512.112 
300s: 514.416 509.028 511.648 512.225 512.802 515.422 507.118 521.165 507.888 520.588 512.477 518.338 510.804 514.504 514.49 511.13 514.134 517.672 504.854 516.088 509.102 512.713 510.641 515.866 510.538 520.159 514.549 505.978 512.625 509.487 513.143 509.546 520.988 518.871 518.323 512.995 521.447 515.57 512.935 509.768 503.344 516.251 510.538 515.333 506.112 519.152 518.013 504.676 514.623 514.046 506.955 516.532 516.621 515.674 515.185 514.549 516.784 506.822 516.636 508.036 515.348 508.628 519.833 520.633 516.059 513.602 504.025 514.046 515.407 513.794 502.5 516.429 496.683 510.567 515.126 515.674 513.853 518.797 498.503 505.268 512.669 516.562 519.656 514.815 502.204 513.794 509.353 514.993 509.62 507.34 506.955 507.325 502.944 509.871 506.689 504.913 507.118 512.728 517.346 510.419 
fairness: 0.792975 0.71791 0.670181 0.637768 0.614375 0.597922 0.58548 0.575642 0.568018 0.561512 0.556239 0.551924 0.548317 0.544885 0.5419 0.538821 0.536389 0.534287 0.532512 0.530931 0.529568 0.528259 0.527055 0.525854 0.52468 0.523667 0.52288 0.522017 0.521315 0.520663 0.520122 0.519375 0.518689 0.517952 0.517302 0.516626 0.516053 0.515529 0.515107 0.514713 0.514299 0.513859 0.513509 0.513197 0.512945 0.512708 0.512484 0.512264 0.511952 0.511626 0.511298 0.511016 0.510711 
300s: 0.510398 0.513952 0.510869 0.505954 0.514586 0.516828 0.52427 0.497645 0.506691 0.508416 0.511153 0.497759 0.52623 0.513263 0.499929 0.50841 0.506885 0.503728 0.530099 0.509795 0.520035 0.511103 0.508488 0.507093 0.499787 0.499181 0.499652 0.522589 0.521571 0.503415 0.50983 0.504961 0.491124 0.498681 0.493674 0.51115 0.499067 0.501747 0.521583 0.51463 0.517072 0.501418 0.509438 0.506031 0.529262 0.492674 0.50229 0.522656 0.518261 0.510405 0.521521 0.511669 0.501271 0.50109 0.502331 0.510875 0.497243 0.525735 0.507987 0.524245 0.496587 0.511145 0.501219 0.49759 0.499849 0.513922 0.529674 0.49845 0.505152 0.514068 0.526409 0.507813 0.531583 0.51606 0.511679 0.49916 0.51002 0.498535 0.534001 0.522184 0.508464 0.497809 0.497585 0.500553 0.527385 0.506272 0.520643 0.501626 0.517116 0.521822 0.525724 0.510647 0.529443 0.517939 0.531806 0.522243 0.518198 0.505937 0.51007 0.505019 
meanDelay: 0.0582761 0.0582761 0.0582761 0.0582761 0.0582761 0.0582761 0.0582761 0.0582761 0.0582761 0.0582761 0.0582761 0.0582761 0.0582761 0.0582761 0.0582761 0.0582761 0.0582761 0.0582761 0.0582761 0.0582761 0.0582761 0.0582761 0.0582761 0.0582761 0.0582761 0.0582761 0.0582761 0.0582761 0.0582761 0.0582761 0.0582761 0.0582761 0.0582761 0.0582761 0.0582761 0.0582761 0.0582761 0.0582761 0.0582761 0.0582761 0.0582761 0.0582761 0.0582761 0.0582761 0.0582761 0.0582761 0.0582761 0.0582761 0.0582761 0.0582761 0.0582761 0.0582761 0.0582761 
300s: 0.058642 0.0561907 0.0566 0.0607825 0.0591945 0.0585316 0.0568876 0.0576457 0.055351 0.0593667 0.0594907 0.0527429 0.0582486 0.0597738 0.0592957 0.0593073 0.0573206 0.0605158 0.0595823 0.0577327 0.0590925 0.0587508 0.0590467 0.0593805 0.0603449 0.0597981 0.0591442 0.0593213 0.0596836 0.0565853 0.0569736 0.0589487 0.052487 0.0598955 0.0580311 0.0590991 0.0585831 0.0582028 0.0593183 0.0595772 0.0588558 0.0585169 0.0596942 0.0598863 0.0591458 0.0569171 0.0573875 0.0585954 0.0601139 0.0599981 0.0552782 0.0557192 0.0585564 0.0565376 0.0589849 0.0545565 0.0593425 0.0577174 0.0590557 0.0593724 0.0590178 0.0530982 0.0596188 0.0566131 0.0609747 0.0524338 0.0601425 0.0573619 0.060255 0.056444 0.0601537 0.0578816 0.054066 0.0594093 0.059086 0.0604189 0.0592435 0.0584742 0.0550832 0.0589328 0.0614214 0.0591469 0.0562159 0.05512 0.0587173 0.0595254 0.056236 0.0607822 0.0585709 0.0584514 0.0596757 0.059534 0.0614551 0.057978 0.0558128 0.0586467 0.0590202 0.0590425 0.0584368 0.0554099 
PktLoss: 0.0127458
6x6 Grid:

throughput: 3472.03 3112.76 2868.47 2693.82 2562.62 2457.03 2369.75 2294.17 2228.8 2172.03 2122.13 2076.94 2037.17 2001.23 1969.28 1940.45 1914.49 1891.11 1869.64 1849.92 1831.84 1815.24 1799.86 1785.71 1776.13 1771.47 1767.23 1764.08 1761.28 1758.59 1756.28 1753.98 1751.7 1749.32 1747.01 1745.21 1743.54 1741.8 1740.3 1738.8 1737.16 1735.41 1733.57 1732.07 1730.85 1729.67 1728.65 1727.69 1726.72 1725.81 1724.92 1724.1 1723.31 
fairness: 0.40827 0.411458 0.415251 0.418597 0.421331 0.424228 0.427146 0.430123 0.433009 0.435639 0.438199 0.440635 0.442932 0.445086 0.447026 0.448805 0.450504 0.451992 0.453414 0.454602 0.45574 0.456753 0.457677 0.458448 0.458829 0.458652 0.458432 0.458032 0.457587 0.457177 0.456748 0.456317 0.455917 0.455583 0.455261 0.454884 0.454497 0.454166 0.453797 0.453387 0.453086 0.452826 0.452596 0.452317 0.452029 0.451732 0.451432 0.451152 0.450868 0.45056 0.450259 0.449946 0.449659 
meanDelay: 0.0508946 0.0508946 0.0508946 0.0508946 0.0508946 0.0508946 0.0508946 0.0508946 0.0508946 0.0508946 0.0508946 0.0508946 0.0508946 0.0508946 0.0508946 0.0508946 0.0508946 0.0508946 0.0508946 0.0508946 0.0508946 0.0508946 0.0508946 0.0508946 0.0508946 0.0508946 0.0508946 0.0508946 0.0508946 0.0508946 0.0508946 0.0508946 0.0508946 0.0508946 0.0508946 0.0508946 0.0508946 0.0508946 0.0508946 0.0508946 0.0508946 0.0508946 0.0508946 0.0508946 0.0508946 0.0508946 0.0508946 0.0508946 0.0508946 0.0508946 0.0508946 0.0508946 0.0508946 
PktLoss: 0.00122342