3x3 Grid:

throughput: 411.379 379.981 358.935 343.805 333.685 324.977 319.144 314.746 311.182 308.087 305.63 303.255 301.537 300.411 298.818 297.742 297.218 296.689 296.122 295.376 294.421 293.613 292.549 291.51 290.97 290.125 289.179 288.626 287.954 287.106 286.376 285.7 285.287 284.632 284.173 283.651 283.093 282.383 281.999 281.431 280.763 280.158 279.398 278.765 278.102 277.338 276.368 275.549 275.017 274.428 273.961 273.567 273.166 
fairness: 0.597727 0.600739 0.602666 0.603612 0.600584 0.600306 0.600834 0.601786 0.601565 0.602497 0.60174 0.602113 0.601308 0.599638 0.598838 0.598612 0.59794 0.59692 0.596267 0.595708 0.594118 0.593543 0.594333 0.593528 0.592152 0.59267 0.593261 0.593319 0.593823 0.594416 0.595337 0.595829 0.596343 0.596948 0.596825 0.596643 0.596525 0.596085 0.595779 0.596395 0.597211 0.597885 0.598415 0.599606 0.600478 0.600844 0.601922 0.60296 0.604056 0.605525 0.60613 0.607591 0.608108 
meanDelay: 0.288683 0.288683 0.288683 0.288683 0.288683 0.288683 0.288683 0.288683 0.288683 0.288683 0.288683 0.288683 0.288683 0.288683 0.288683 0.288683 0.288683 0.288683 0.288683 0.288683 0.288683 0.288683 0.288683 0.288683 0.288683 0.288683 0.288683 0.288683 0.288683 0.288683 0.288683 0.288683 0.288683 0.288683 0.288683 0.288683 0.288683 0.288683 0.288683 0.288683 0.288683 0.288683 0.288683 0.288683 0.288683 0.288683 0.288683 0.288683 0.288683 0.288683 0.288683 0.288683 0.288683 
PktLoss: 0.162185
5x5 Grid:

throughput: 264.525 267.111 268.608 269.98 271.188 271.055 271.608 271.957 272.517 272.639 272.912 273.54 274.094 274.299 274.699 274.829 275.173 275.294 275.399 275.493 275.576 276.032 275.808 275.87 275.849 276.266 276.387 276.441 276.564 276.95 276.786 276.854 276.772 276.786 276.838 276.96 277.224 277.197 277.23 277.33 277.472 277.501 277.465 277.522 277.435 277.56 277.619 277.723 277.704 277.703 277.739 277.795 277.882 
300s: 274.584 278.512 280.443 270.351 276.199 277.937 281.144 268.698 276.238 278.7 281.839 271.855 277.975 277.557 276.42 281.311 274.124 272.599 281.762 276.305 272.542 277.999 275.622 280.201 281.881 282.111 280.426 273.358 280.741 270.851 279.406 284.095 274.81 280.416 275.849 283.901 272.905 279.041 266.845 279.141 277.747 272.234 275.364 275.408 282.034 282.497 275.862 278.614 280.378 275.356 273.119 278.79 276.215 273.549 278.517 288.532 279.264 278.726 273.466 281.082 277.988 285.897 288.269 273.729 284.295 280.211 282.492 275.255 277.327 280.883 275.11 273.956 271.846 287.136 277.34 280.079 279.775 274.534 277.093 278.241 275.339 280.001 274.258 282.126 280.228 274.208 278.095 276.237 281.604 280.432 281.295 288.012 272.728 275.885 279.346 279.074 274.838 279.191 274.613 280.095 
fairness: 0.561998 0.566726 0.572378 0.573454 0.573972 0.576194 0.577334 0.578181 0.57754 0.577432 0.577012 0.576128 0.577337 0.577696 0.5777 0.577081 0.57684 0.578013 0.578488 0.57907 0.579274 0.579705 0.579419 0.579302 0.580115 0.580165 0.580301 0.580499 0.580264 0.580312 0.580568 0.580313 0.580637 0.58079 0.5806 0.580508 0.580832 0.580994 0.580908 0.581132 0.581374 0.581424 0.58151 0.581691 0.581862 0.58229 0.582194 0.582361 0.582602 0.582681 0.582647 0.582559 0.582823 
300s: 0.567645 0.575303 0.579968 0.589801 0.583392 0.596449 0.568717 0.598664 0.584138 0.579524 0.561976 0.575937 0.588768 0.585365 0.571447 0.568027 0.614523 0.594736 0.56982 0.586976 0.579413 0.600325 0.585155 0.590628 0.579409 0.572258 0.583067 0.605341 0.586518 0.572869 0.575753 0.598169 0.587691 0.569095 0.571688 0.59072 0.587482 0.584423 0.585932 0.585317 0.558339 0.578584 0.5963 0.590103 0.584388 0.580684 0.57413 0.579741 0.555907 0.585271 0.580104 0.576836 0.581513 0.615232 0.582476 0.562127 0.553437 0.57747 0.57612 0.587349 0.575225 0.588068 0.568889 0.618648 0.576408 0.57152 0.582457 0.585001 0.591375 0.5637 0.597648 0.581229 0.59476 0.588788 0.568596 0.57433 0.598195 0.582555 0.57486 0.579241 0.57501 0.576166 0.591204 0.575655 0.594026 0.598557 0.580236 0.572163 0.571701 0.591055 0.575393 0.566991 0.59205 0.604755 0.58004 0.576507 0.596964 0.603697 0.603711 0.58634 
meanDelay: 0.427618 0.427618 0.427618 0.427618 0.427618 0.427618 0.427618 0.427618 0.427618 0.427618 0.427618 0.427618 0.427618 0.427618 0.427618 0.427618 0.427618 0.427618 0.427618 0.427618 0.427618 0.427618 0.427618 0.427618 0.427618 0.427618 0.427618 0.427618 0.427618 0.427618 0.427618 0.427618 0.427618 0.427618 0.427618 0.427618 0.427618 0.427618 0.427618 0.427618 0.427618 0.427618 0.427618 0.427618 0.427618 0.427618 0.427618 0.427618 0.427618 0.427618 0.427618 0.427618 0.427618 
300s: 0.402785 0.478888 0.402507 0.441819 0.452386 0.457132 0.418423 0.448756 0.437204 0.408688 0.429476 0.433358 0.446348 0.413558 0.450431 0.420842 0.410718 0.382423 0.403173 0.398685 0.436285 0.410465 0.429713 0.446009 0.435756 0.419297 0.453098 0.402565 0.447837 0.428744 0.460474 0.421101 0.437899 0.403577 0.392514 0.40797 0.425705 0.453642 0.420553 0.420914 0.460554 0.416542 0.418266 0.388524 0.420374 0.436376 0.42748 0.401192 0.387864 0.424984 0.439442 0.395383 0.450773 0.446622 0.45372 0.430328 0.420949 0.407019 0.39645 0.416948 0.427217 0.415071 0.415135 0.403631 0.446557 0.440088 0.440306 0.399411 0.430799 0.474384 0.428644 0.39401 0.463268 0.424077 0.419285 0.431674 0.412275 0.412627 0.450457 0.400771 0.419168 0.454455 0.437582 0.413949 0.414867 0.428813 0.468722 0.445538 0.459592 0.451334 0.414935 0.421811 0.433144 0.42363 0.441271 0.42357 0.464098 0.385856 0.441469 0.456759 
PktLoss: 0.125315
6x6 Grid:

throughput: 3441.8 2921.06 2591.09 2361.35 2190.31 2059.51 1951.46 1867.48 1802.36 1745.47 1694.3 1649.71 1612.97 1581.24 1551.91 1525.43 1501.85 1482.67 1462.73 1443.86 1427.14 1412.84 1400.98 1386.69 1376.35 1369.78 1364.29 1359.16 1356.07 1353.51 1351.59 1350.09 1347.56 1344.79 1341.19 1338.23 1336.6 1334.4 1331.67 1329.29 1327.8 1326.69 1326.23 1324.4 1322.38 1320.55 1319.94 1319.28 1318.73 1317.96 1316.8 1316.1 1315.52 
fairness: 0.368935 0.373451 0.376425 0.378761 0.381371 0.383781 0.386079 0.38759 0.388844 0.39044 0.39178 0.39285 0.393633 0.394277 0.394784 0.395488 0.396211 0.396797 0.397234 0.397921 0.398628 0.399287 0.399586 0.400259 0.400811 0.40116 0.401528 0.401787 0.401795 0.401438 0.401212 0.400968 0.400729 0.400617 0.400465 0.400377 0.400081 0.399859 0.399817 0.399686 0.399656 0.399414 0.399183 0.399154 0.399181 0.399088 0.398797 0.398563 0.398185 0.397929 0.397699 0.397275 0.396968 
meanDelay: 0.217303 0.217303 0.217303 0.217303 0.217303 0.217303 0.217303 0.217303 0.217303 0.217303 0.217303 0.217303 0.217303 0.217303 0.217303 0.217303 0.217303 0.217303 0.217303 0.217303 0.217303 0.217303 0.217303 0.217303 0.217303 0.217303 0.217303 0.217303 0.217303 0.217303 0.217303 0.217303 0.217303 0.217303 0.217303 0.217303 0.217303 0.217303 0.217303 0.217303 0.217303 0.217303 0.217303 0.217303 0.217303 0.217303 0.217303 0.217303 0.217303 0.217303 0.217303 0.217303 0.217303 
PktLoss: 0.0605177