3x3 Grid:

throughput: 631.847 576.67 542.347 518.519 500.548 487.595 476.826 467.823 461.131 455.685 450.347 445.418 441.112 437.229 434.055 431.193 428.431 425.98 423.99 422.099 420.227 418.601 417.093 415.501 414.171 413.251 412.188 411.21 410.413 409.63 408.845 408.101 407.453 406.973 406.251 405.548 404.802 404.085 403.554 402.97 402.459 402.024 401.573 401.186 400.791 400.422 400.097 399.722 399.383 398.991 398.721 398.526 398.205 
fairness: 0.656558 0.659761 0.661449 0.662128 0.66288 0.662431 0.662729 0.664392 0.663591 0.663562 0.663954 0.665638 0.667474 0.668889 0.668874 0.669262 0.670545 0.671389 0.671917 0.672142 0.672988 0.673478 0.673654 0.674088 0.674042 0.673559 0.673698 0.673593 0.673488 0.673273 0.673336 0.67336 0.672848 0.672313 0.672314 0.672668 0.672933 0.673466 0.673781 0.673774 0.673584 0.673587 0.673449 0.673604 0.673594 0.673589 0.673835 0.673824 0.673719 0.673631 0.673517 0.673333 0.673174 
meanDelay: 0.0987116 0.0987116 0.0987116 0.0987116 0.0987116 0.0987116 0.0987116 0.0987116 0.0987116 0.0987116 0.0987116 0.0987116 0.0987116 0.0987116 0.0987116 0.0987116 0.0987116 0.0987116 0.0987116 0.0987116 0.0987116 0.0987116 0.0987116 0.0987116 0.0987116 0.0987116 0.0987116 0.0987116 0.0987116 0.0987116 0.0987116 0.0987116 0.0987116 0.0987116 0.0987116 0.0987116 0.0987116 0.0987116 0.0987116 0.0987116 0.0987116 0.0987116 0.0987116 0.0987116 0.0987116 0.0987116 0.0987116 0.0987116 0.0987116 0.0987116 0.0987116 0.0987116 0.0987116 
PktLoss: 0.0127092
5x5 Grid:

throughput: 494.24 498.384 501.113 503.157 504.571 505.557 506.449 507.155 507.942 508.564 509.056 509.428 509.805 510.098 510.397 510.491 510.783 510.938 511.096 511.273 511.348 511.481 511.629 511.74 511.831 511.902 511.971 512.02 512.063 512.145 512.214 512.284 512.368 512.379 512.454 512.463 512.544 512.598 512.677 512.702 512.746 512.788 512.818 512.846 512.87 512.885 512.947 512.952 512.985 513.003 513.019 513.04 513.034 
300s: 513.972 510.36 510.256 512.728 512.639 514.564 511.766 511.929 510.893 512.758 514.386 515.171 513.039 511.396 510.597 513.039 514.756 513.069 513.898 512.477 513.291 512.861 513.646 513.75 513.246 510.597 516.251 514.623 513.409 511.618 513.039 515.363 514.312 515.481 511.736 512.728 516.147 512.58 511.44 508.806 513.498 512.24 514.578 513.202 515.23 512.965 512.314 514.401 516.266 511.411 512.477 513.039 512.225 511.633 514.12 511.07 513.38 508.11 514.134 513.128 516.458 514.001 513.646 510.33 510.241 513.157 511.278 514.712 512.95 510.745 513.779 513.454 512.891 512.181 513.868 515.792 515.467 513.572 511.899 514.016 514.83 511.855 515.496 515.777 514.726 510.464 514.327 514.016 511.588 513.335 514.875 510.982 514.519 513.927 516.162 510.049 510.271 513.838 511.13 511.973 
fairness: 0.579727 0.577335 0.575384 0.573234 0.572108 0.571496 0.570588 0.570103 0.56967 0.56901 0.568329 0.567808 0.567488 0.567424 0.567458 0.56729 0.56731 0.566939 0.566796 0.566628 0.566365 0.566057 0.565961 0.565769 0.565712 0.565745 0.565689 0.565628 0.565468 0.565462 0.565404 0.565444 0.5654 0.565353 0.565435 0.565373 0.565355 0.56532 0.565399 0.565372 0.565335 0.565352 0.56532 0.565209 0.56515 0.565016 0.565014 0.564951 0.56488 0.564811 0.564788 0.564792 0.564859 
300s: 0.565912 0.569977 0.563736 0.565635 0.570924 0.562159 0.574403 0.5642 0.574343 0.560545 0.564846 0.562414 0.571214 0.565409 0.568674 0.56775 0.569343 0.562142 0.560253 0.573951 0.56536 0.568088 0.56055 0.56545 0.557895 0.56881 0.565589 0.560055 0.567971 0.561037 0.560385 0.55879 0.559622 0.559344 0.569939 0.561543 0.555892 0.568158 0.566429 0.563108 0.56332 0.564047 0.560336 0.564308 0.559477 0.564009 0.572342 0.563255 0.562962 0.570922 0.56531 0.561207 0.562515 0.562752 0.562072 0.566771 0.564286 0.566871 0.563944 0.56002 0.562975 0.566187 0.55864 0.5729 0.570516 0.566962 0.564456 0.563613 0.567888 0.57326 0.563003 0.565087 0.560564 0.564482 0.560981 0.567754 0.557804 0.559688 0.565814 0.564818 0.558487 0.573686 0.559175 0.565062 0.566431 0.572738 0.557621 0.567457 0.573437 0.564379 0.557418 0.569483 0.562153 0.567118 0.564919 0.560526 0.56962 0.560217 0.564497 0.571478 
meanDelay: 0.138102 0.138102 0.138102 0.138102 0.138102 0.138102 0.138102 0.138102 0.138102 0.138102 0.138102 0.138102 0.138102 0.138102 0.138102 0.138102 0.138102 0.138102 0.138102 0.138102 0.138102 0.138102 0.138102 0.138102 0.138102 0.138102 0.138102 0.138102 0.138102 0.138102 0.138102 0.138102 0.138102 0.138102 0.138102 0.138102 0.138102 0.138102 0.138102 0.138102 0.138102 0.138102 0.138102 0.138102 0.138102 0.138102 0.138102 0.138102 0.138102 0.138102 0.138102 0.138102 0.138102 
300s: 0.138095 0.144209 0.137441 0.147192 0.135542 0.142533 0.149848 0.129445 0.139551 0.139223 0.135284 0.129356 0.136931 0.143915 0.139399 0.140146 0.138923 0.149587 0.139694 0.152651 0.142998 0.1435 0.139579 0.140342 0.128806 0.13368 0.138616 0.129889 0.143514 0.132132 0.128866 0.13595 0.134547 0.129717 0.141107 0.136529 0.132588 0.134667 0.141597 0.144881 0.127245 0.125816 0.136362 0.142255 0.135036 0.141477 0.136737 0.137442 0.127857 0.128962 0.141034 0.131987 0.130413 0.13985 0.141921 0.134508 0.135286 0.133255 0.138709 0.132921 0.133597 0.132757 0.14557 0.139413 0.134443 0.150166 0.136653 0.148059 0.139694 0.146716 0.14821 0.141676 0.137166 0.135047 0.142179 0.141875 0.135345 0.136118 0.143115 0.136322 0.148038 0.137748 0.1263 0.135544 0.148648 0.143307 0.133257 0.135752 0.148122 0.132249 0.135334 0.138243 0.143229 0.132145 0.148254 0.124823 0.144639 0.130772 0.138642 0.139513 
PktLoss: 0.0141695
6x6 Grid:

throughput: 3804.81 3252.54 2897.14 2650.22 2468.33 2329.54 2219.37 2128.85 2055.22 1992.92 1940.03 1894.34 1854.66 1819.45 1788.15 1760.42 1735.72 1713.41 1693.02 1674.45 1657.55 1641.95 1627.52 1614.15 1604.07 1598.92 1594.37 1590.31 1586.37 1582.74 1579.37 1575.83 1572.74 1569.73 1566.66 1563.74 1561.16 1558.64 1556.16 1553.7 1551.5 1549.29 1547.39 1545.5 1543.97 1542.32 1540.82 1539.2 1537.56 1535.84 1534.47 1533.05 1531.72 
fairness: 0.437217 0.444348 0.450265 0.45498 0.459023 0.462285 0.465233 0.467896 0.470061 0.471809 0.473356 0.474784 0.476115 0.477395 0.478543 0.47947 0.48032 0.481045 0.481723 0.482395 0.483034 0.483505 0.483993 0.484372 0.484665 0.4843 0.483811 0.483217 0.482723 0.482162 0.481644 0.481129 0.48058 0.480068 0.479591 0.479102 0.478555 0.478046 0.477642 0.477166 0.476709 0.476242 0.475809 0.475369 0.474921 0.474459 0.474029 0.473615 0.473265 0.472905 0.472508 0.472131 0.471758 
meanDelay: 0.050176 0.050176 0.050176 0.050176 0.050176 0.050176 0.050176 0.050176 0.050176 0.050176 0.050176 0.050176 0.050176 0.050176 0.050176 0.050176 0.050176 0.050176 0.050176 0.050176 0.050176 0.050176 0.050176 0.050176 0.050176 0.050176 0.050176 0.050176 0.050176 0.050176 0.050176 0.050176 0.050176 0.050176 0.050176 0.050176 0.050176 0.050176 0.050176 0.050176 0.050176 0.050176 0.050176 0.050176 0.050176 0.050176 0.050176 0.050176 0.050176 0.050176 0.050176 0.050176 0.050176 
PktLoss: 0.00177226