3x3 Grid:

throughput: 497.599 471.507 455.725 444.151 434.93 428.294 423.269 420.022 417.226 415.543 414.237 412.771 411.411 409.999 408.728 407.944 407.376 406.856 406.066 405.256 404.78 404.716 404.569 404.392 404.143 403.615 403.194 402.88 402.725 402.399 401.981 401.524 401.164 400.82 400.408 400.132 399.977 399.793 399.615 399.301 398.902 398.532 398.152 397.872 397.673 397.596 397.332 397.101 396.918 396.798 396.574 396.392 396.106 
fairness: 0.585323 0.574151 0.569788 0.562791 0.555955 0.550896 0.546197 0.541674 0.538196 0.53609 0.533168 0.530748 0.528901 0.527038 0.525248 0.523994 0.522555 0.520448 0.518516 0.516431 0.51474 0.513939 0.513169 0.512311 0.511871 0.511846 0.511586 0.510907 0.510157 0.50892 0.508081 0.507488 0.506794 0.506005 0.504814 0.503516 0.50237 0.501617 0.500874 0.500364 0.499977 0.49993 0.499723 0.499486 0.499412 0.499487 0.499735 0.499705 0.49975 0.49942 0.499167 0.499064 0.499161 
meanDelay: 0.0506996 0.0506996 0.0506996 0.0506996 0.0506996 0.0506996 0.0506996 0.0506996 0.0506996 0.0506996 0.0506996 0.0506996 0.0506996 0.0506996 0.0506996 0.0506996 0.0506996 0.0506996 0.0506996 0.0506996 0.0506996 0.0506996 0.0506996 0.0506996 0.0506996 0.0506996 0.0506996 0.0506996 0.0506996 0.0506996 0.0506996 0.0506996 0.0506996 0.0506996 0.0506996 0.0506996 0.0506996 0.0506996 0.0506996 0.0506996 0.0506996 0.0506996 0.0506996 0.0506996 0.0506996 0.0506996 0.0506996 0.0506996 0.0506996 0.0506996 0.0506996 0.0506996 0.0506996 
PktLoss: 0.00756749
5x5 Grid:

throughput: 320.587 362.577 390.541 409.868 424.285 435.312 444.115 451.059 456.803 461.536 465.726 469.134 472.24 474.847 477.022 478.989 480.897 482.645 484.357 485.828 487.246 488.514 489.73 490.768 491.741 492.68 493.601 494.442 495.164 495.794 496.401 497.025 497.662 498.206 498.699 499.138 499.589 500.037 500.41 500.751 501.103 501.511 501.883 502.175 502.443 502.711 502.993 503.249 503.54 503.831 504.13 504.353 504.608 
300s: 500.531 502.604 504.646 504.069 503.906 502.974 508.968 496.638 503.462 505.179 510.76 496.964 500.827 510.005 508.169 508.406 503.669 509.575 503.862 503.684 506.63 509.916 506.881 502.574 507.844 505.756 509.871 504.365 499.599 508.243 505.238 509.679 499.525 508.82 504.306 508.584 498.015 506.215 506.304 500.117 510.064 505.268 501.938 507.251 504.454 501.73 506.26 507.903 509.176 506.482 506.023 506.378 497.808 501.39 506.571 502.485 502.633 502.16 504.691 502.811 502.382 509.709 498.651 504.839 504.395 501.049 501.864 505.105 503.817 507.074 506.423 506.334 502.959 506.719 498.607 506.052 509.575 506.689 507.755 506.038 510.123 507.059 506.245 494.329 505.993 502.633 505.224 506.112 506.482 509.561 507.577 507.207 503.847 502.855 506.955 501.005 500.191 509.398 502.929 498.799 
fairness: 0.790248 0.718302 0.675025 0.647483 0.628522 0.614563 0.603884 0.595614 0.589562 0.584305 0.579908 0.576389 0.57346 0.570945 0.569037 0.567506 0.566117 0.564635 0.562937 0.561369 0.559819 0.55846 0.557205 0.556252 0.55544 0.554555 0.553786 0.553021 0.552535 0.552128 0.551719 0.551169 0.550535 0.549915 0.549527 0.549205 0.548933 0.548609 0.548337 0.548027 0.547773 0.547462 0.547241 0.547058 0.547008 0.54696 0.54683 0.546667 0.54641 0.546004 0.545671 0.54536 0.545102 
300s: 0.556166 0.561055 0.539395 0.557241 0.546408 0.556776 0.532477 0.564966 0.54844 0.541277 0.531779 0.573234 0.544755 0.540226 0.532485 0.54118 0.545199 0.545028 0.558582 0.537782 0.54419 0.53373 0.550081 0.548962 0.541634 0.541055 0.532863 0.544143 0.559463 0.537751 0.548069 0.542057 0.56199 0.536814 0.538359 0.535688 0.559179 0.553868 0.539125 0.548223 0.537383 0.528899 0.55528 0.539796 0.5509 0.540504 0.543854 0.539594 0.547589 0.534843 0.532198 0.536676 0.549646 0.546634 0.543198 0.55324 0.550153 0.535385 0.545449 0.5522 0.548565 0.542869 0.552911 0.53053 0.556504 0.54425 0.546993 0.555258 0.548539 0.532253 0.545355 0.553299 0.561543 0.540702 0.5475 0.541957 0.542617 0.542082 0.533756 0.544262 0.540306 0.537175 0.54113 0.568099 0.547619 0.544699 0.538187 0.5389 0.551436 0.531835 0.530806 0.553302 0.543823 0.555203 0.54073 0.535786 0.559797 0.525529 0.553397 0.545577 
meanDelay: 0.0580662 0.0580662 0.0580662 0.0580662 0.0580662 0.0580662 0.0580662 0.0580662 0.0580662 0.0580662 0.0580662 0.0580662 0.0580662 0.0580662 0.0580662 0.0580662 0.0580662 0.0580662 0.0580662 0.0580662 0.0580662 0.0580662 0.0580662 0.0580662 0.0580662 0.0580662 0.0580662 0.0580662 0.0580662 0.0580662 0.0580662 0.0580662 0.0580662 0.0580662 0.0580662 0.0580662 0.0580662 0.0580662 0.0580662 0.0580662 0.0580662 0.0580662 0.0580662 0.0580662 0.0580662 0.0580662 0.0580662 0.0580662 0.0580662 0.0580662 0.0580662 0.0580662 0.0580662 
300s: 0.0505417 0.0588102 0.0582516 0.0560123 0.0613235 0.0549141 0.0605608 0.058748 0.057789 0.0597188 0.0590508 0.0589813 0.0560927 0.0573509 0.0586731 0.0604608 0.0536104 0.0592664 0.0590574 0.0582538 0.0624795 0.0570142 0.059867 0.0582741 0.0600862 0.057335 0.0577083 0.0604023 0.0589759 0.0551314 0.057045 0.0615402 0.0566209 0.0574455 0.058599 0.0584945 0.0592323 0.0594232 0.0605092 0.0579669 0.0573964 0.0548866 0.0563457 0.0554538 0.0536864 0.0544144 0.0579921 0.0524598 0.0578721 0.0581551 0.0543736 0.059668 0.0571523 0.058428 0.0611964 0.0561671 0.0595201 0.0562 0.0587684 0.0592884 0.0580696 0.0591921 0.0581733 0.0596271 0.0614728 0.0599458 0.0570779 0.0588767 0.0554085 0.0585541 0.0577509 0.0595589 0.0563736 0.0582646 0.058927 0.0603085 0.0568992 0.0576793 0.0547856 0.0597857 0.0602191 0.0585508 0.0600174 0.0555019 0.0583137 0.0621904 0.0593249 0.0595748 0.0571777 0.0613513 0.0568645 0.061354 0.0555823 0.0534955 0.0597137 0.057866 0.0577686 0.056956 0.0588173 0.0582102 
PktLoss: 0.0127115
6x6 Grid:

throughput: 3432.7 3048.75 2793.27 2608.82 2465.83 2351.44 2257.89 2181.31 2116.65 2061.6 2013.43 1971.06 1934.38 1901.85 1872.97 1847.39 1824.47 1803.62 1785 1767.61 1751.81 1737.19 1723.65 1711.04 1702.03 1698.2 1695.07 1692.63 1690.6 1688.52 1686.69 1684.88 1683.6 1682.21 1680.83 1679.28 1677.91 1676.57 1675.28 1673.85 1672.51 1671.2 1669.9 1668.4 1667.11 1665.99 1665.09 1664.31 1663.43 1662.6 1661.78 1660.85 1659.86 
fairness: 0.412124 0.418711 0.424273 0.428884 0.433431 0.437757 0.441747 0.444983 0.447929 0.450385 0.452686 0.454712 0.45652 0.458071 0.459496 0.460704 0.461869 0.462897 0.463741 0.464534 0.46527 0.465883 0.466572 0.467162 0.467478 0.467348 0.467119 0.466763 0.466401 0.466063 0.465645 0.46523 0.464826 0.464476 0.464134 0.463757 0.463393 0.462971 0.462637 0.462336 0.462065 0.461743 0.461493 0.461282 0.461033 0.460708 0.460359 0.459994 0.459685 0.459383 0.459102 0.458831 0.458538 
meanDelay: 0.0325838 0.0325838 0.0325838 0.0325838 0.0325838 0.0325838 0.0325838 0.0325838 0.0325838 0.0325838 0.0325838 0.0325838 0.0325838 0.0325838 0.0325838 0.0325838 0.0325838 0.0325838 0.0325838 0.0325838 0.0325838 0.0325838 0.0325838 0.0325838 0.0325838 0.0325838 0.0325838 0.0325838 0.0325838 0.0325838 0.0325838 0.0325838 0.0325838 0.0325838 0.0325838 0.0325838 0.0325838 0.0325838 0.0325838 0.0325838 0.0325838 0.0325838 0.0325838 0.0325838 0.0325838 0.0325838 0.0325838 0.0325838 0.0325838 0.0325838 0.0325838 0.0325838 0.0325838 
PktLoss: 0.00116498