3x3 Grid:

throughput: 648.496 592.158 555.542 529.649 511.708 497.652 486.733 477.981 470.817 463.6 457.82 453.066 449.225 445.776 442.963 440.568 438.28 436.104 434.054 432.109 430.276 428.708 427.232 425.571 424.129 422.776 421.567 420.3 419.341 418.253 417.414 416.68 416.053 415.449 414.803 414.132 413.505 412.903 412.269 411.792 411.13 410.495 409.932 409.275 408.859 408.527 408.078 407.668 407.32 406.944 406.526 406.089 405.811 
fairness: 0.627658 0.627576 0.629011 0.630502 0.630987 0.631094 0.630733 0.62948 0.62853 0.629303 0.630147 0.629922 0.629491 0.628814 0.627419 0.626139 0.625618 0.625357 0.624573 0.623928 0.624223 0.624081 0.624049 0.62384 0.62373 0.623767 0.623767 0.623656 0.623452 0.623559 0.623406 0.623415 0.623324 0.623534 0.623298 0.623086 0.623075 0.622939 0.62295 0.622599 0.623041 0.623534 0.623958 0.62422 0.624385 0.624162 0.624322 0.623987 0.623602 0.623525 0.623818 0.624157 0.62409 
meanDelay: 0.176534 0.176534 0.176534 0.176534 0.176534 0.176534 0.176534 0.176534 0.176534 0.176534 0.176534 0.176534 0.176534 0.176534 0.176534 0.176534 0.176534 0.176534 0.176534 0.176534 0.176534 0.176534 0.176534 0.176534 0.176534 0.176534 0.176534 0.176534 0.176534 0.176534 0.176534 0.176534 0.176534 0.176534 0.176534 0.176534 0.176534 0.176534 0.176534 0.176534 0.176534 0.176534 0.176534 0.176534 0.176534 0.176534 0.176534 0.176534 0.176534 0.176534 0.176534 0.176534 0.176534 
PktLoss: 0.0197189
5x5 Grid:

throughput: 511.869 514.159 515.652 516.653 517.342 517.929 518.264 518.382 518.802 519.013 519.138 519.319 519.447 519.636 519.869 519.937 519.944 519.995 520.115 520.146 520.079 520.154 520.176 520.294 520.351 520.485 520.568 520.631 520.725 520.896 520.998 521.07 521.107 521.147 521.109 521.139 521.18 521.216 521.275 521.335 521.391 521.379 521.407 521.435 521.406 521.432 521.498 521.542 521.592 521.623 521.669 521.651 521.665 
300s: 523.845 521.003 523.652 518.693 522.453 522.335 521.017 519.226 521.891 522.912 523.948 517.198 522.261 522.779 521.58 519.996 524.318 518.753 521.358 521.003 520.618 520.692 522.172 521.21 524.437 522.083 525.177 522.512 519.878 523.282 522.453 523.504 521.313 524.703 525.162 520.351 523.386 518.59 523.785 520.855 521.831 519.019 520.958 521.965 521.106 519.419 522.72 523.09 521.521 519.093 521.565 519.463 520.869 523.8 522.483 522.749 521.373 517.85 523.623 520.144 522.764 524.155 522.749 522.231 521.062 523.859 521.831 522.453 522.927 521.846 522.927 518.679 522.098 523.43 521.565 522.424 521.151 521.565 523.164 522.912 519.049 520.44 520.766 520.943 518.797 524.333 522.157 523.326 524.229 517.983 521.876 524.614 518.634 522.231 520.766 523.697 520.144 523.445 521.461 515.467 
fairness: 0.505478 0.505023 0.50559 0.506401 0.506179 0.505718 0.506074 0.506219 0.50645 0.506584 0.506777 0.506686 0.506789 0.507002 0.507043 0.50712 0.507165 0.507188 0.507276 0.507279 0.507211 0.50716 0.507234 0.507348 0.50742 0.507468 0.507353 0.507254 0.50724 0.507321 0.507254 0.507318 0.507406 0.507447 0.507534 0.507595 0.507632 0.507627 0.507656 0.507588 0.50761 0.507666 0.507592 0.50757 0.50758 0.507609 0.507662 0.507681 0.507693 0.507707 0.507684 0.507712 0.50769 
300s: 0.504115 0.51032 0.507099 0.510096 0.505918 0.503151 0.511481 0.511192 0.504779 0.501814 0.50309 0.511985 0.505227 0.507833 0.505321 0.511377 0.501619 0.506326 0.509876 0.504769 0.513044 0.510348 0.508005 0.510785 0.506058 0.507488 0.50795 0.503854 0.509446 0.50386 0.506364 0.503989 0.508761 0.505722 0.50203 0.506508 0.501655 0.514794 0.509832 0.508599 0.50855 0.511748 0.518782 0.506958 0.508518 0.51276 0.507573 0.512992 0.514505 0.513072 0.512231 0.512054 0.506842 0.504138 0.504901 0.506769 0.51217 0.505865 0.499522 0.508255 0.51264 0.51033 0.50556 0.502744 0.510669 0.505435 0.508783 0.50452 0.508495 0.506255 0.504967 0.510313 0.506534 0.504498 0.50616 0.50367 0.499242 0.505458 0.51154 0.509138 0.510129 0.511079 0.510344 0.504541 0.517989 0.505663 0.507158 0.505139 0.505279 0.514103 0.501865 0.503802 0.49954 0.508179 0.509593 0.505674 0.508186 0.505164 0.507359 0.516631 
meanDelay: 0.224952 0.224952 0.224952 0.224952 0.224952 0.224952 0.224952 0.224952 0.224952 0.224952 0.224952 0.224952 0.224952 0.224952 0.224952 0.224952 0.224952 0.224952 0.224952 0.224952 0.224952 0.224952 0.224952 0.224952 0.224952 0.224952 0.224952 0.224952 0.224952 0.224952 0.224952 0.224952 0.224952 0.224952 0.224952 0.224952 0.224952 0.224952 0.224952 0.224952 0.224952 0.224952 0.224952 0.224952 0.224952 0.224952 0.224952 0.224952 0.224952 0.224952 0.224952 0.224952 0.224952 
300s: 0.226547 0.220975 0.213694 0.230978 0.211109 0.231886 0.226306 0.228959 0.224695 0.223353 0.228248 0.223495 0.223485 0.228471 0.223072 0.224679 0.232104 0.23558 0.218699 0.21452 0.217592 0.238435 0.226372 0.218822 0.229568 0.233668 0.220718 0.234925 0.230967 0.230848 0.226502 0.213014 0.217018 0.233099 0.21687 0.236544 0.21544 0.22959 0.225507 0.215975 0.222538 0.222618 0.228567 0.219012 0.223419 0.230349 0.220804 0.223807 0.218274 0.234068 0.229208 0.224486 0.220539 0.227058 0.215689 0.229157 0.226168 0.229181 0.217979 0.22285 0.22414 0.229571 0.217242 0.21665 0.23603 0.218983 0.21274 0.220533 0.220483 0.23752 0.225389 0.232973 0.2111 0.224308 0.220866 0.229724 0.220038 0.234441 0.235848 0.23192 0.223034 0.231465 0.228942 0.225596 0.223237 0.221244 0.225213 0.222266 0.217484 0.234097 0.214333 0.220678 0.229566 0.231128 0.22135 0.222987 0.218754 0.230847 0.233249 0.231156 
PktLoss: 0.021529
6x6 Grid:

throughput: 3814.61 3253.37 2891.36 2635.66 2447.04 2304.31 2189.5 2097.26 2022.31 1959.42 1904.19 1856.62 1816.84 1780.16 1747.51 1718.43 1693.17 1669.14 1648.02 1629.19 1611.38 1595.7 1580.96 1566.33 1556.73 1552.61 1548.08 1543.9 1541.21 1538.74 1535.64 1532.62 1529.94 1527.79 1524.99 1523.12 1521.52 1519.68 1517.97 1516.36 1515.01 1513.55 1511.86 1510.2 1508.7 1507 1505.79 1504.67 1503.54 1502.27 1500.95 1499.62 1498.82 
fairness: 0.422843 0.4301 0.436136 0.441847 0.446702 0.450524 0.454146 0.45697 0.45925 0.461257 0.463366 0.465128 0.466245 0.467698 0.469059 0.470406 0.471537 0.472582 0.473262 0.473977 0.4747 0.475206 0.475941 0.476724 0.477016 0.476858 0.476675 0.476387 0.475672 0.47508 0.474666 0.474168 0.473722 0.473051 0.472478 0.471853 0.471292 0.470721 0.470248 0.469693 0.469141 0.468546 0.468072 0.467598 0.46716 0.466679 0.466145 0.465655 0.465208 0.46477 0.464375 0.464022 0.463598 
meanDelay: 0.0989042 0.0989042 0.0989042 0.0989042 0.0989042 0.0989042 0.0989042 0.0989042 0.0989042 0.0989042 0.0989042 0.0989042 0.0989042 0.0989042 0.0989042 0.0989042 0.0989042 0.0989042 0.0989042 0.0989042 0.0989042 0.0989042 0.0989042 0.0989042 0.0989042 0.0989042 0.0989042 0.0989042 0.0989042 0.0989042 0.0989042 0.0989042 0.0989042 0.0989042 0.0989042 0.0989042 0.0989042 0.0989042 0.0989042 0.0989042 0.0989042 0.0989042 0.0989042 0.0989042 0.0989042 0.0989042 0.0989042 0.0989042 0.0989042 0.0989042 0.0989042 0.0989042 0.0989042 
PktLoss: 0.00755813