3x3 Grid:

throughput: 529.415 485.302 457.116 437.362 422.618 411.944 403.829 397.219 391.928 387.364 383.357 379.579 376.547 373.889 371.51 369.347 367.417 365.778 364.402 363.087 361.909 360.876 359.937 359.237 358.663 358.055 357.509 356.977 356.425 355.9 355.402 354.807 354.244 353.772 353.21 352.744 352.363 351.986 351.645 351.231 350.922 350.578 350.258 349.937 349.637 349.376 349.18 349.024 348.822 348.587 348.448 348.298 348.109 
fairness: 0.861719 0.8648 0.866211 0.868337 0.870344 0.871422 0.870101 0.869041 0.867849 0.867506 0.867193 0.868706 0.869305 0.869764 0.869985 0.870535 0.871029 0.871643 0.87167 0.871806 0.872068 0.872226 0.872548 0.872243 0.87154 0.871429 0.871014 0.870503 0.870356 0.869883 0.869607 0.869776 0.869935 0.869946 0.870001 0.870165 0.870133 0.869698 0.869572 0.869377 0.869311 0.869259 0.869384 0.869396 0.869778 0.870026 0.869888 0.869605 0.869594 0.869744 0.869613 0.86946 0.869299 
meanDelay: 0.0744797 0.0744797 0.0744797 0.0744797 0.0744797 0.0744797 0.0744797 0.0744797 0.0744797 0.0744797 0.0744797 0.0744797 0.0744797 0.0744797 0.0744797 0.0744797 0.0744797 0.0744797 0.0744797 0.0744797 0.0744797 0.0744797 0.0744797 0.0744797 0.0744797 0.0744797 0.0744797 0.0744797 0.0744797 0.0744797 0.0744797 0.0744797 0.0744797 0.0744797 0.0744797 0.0744797 0.0744797 0.0744797 0.0744797 0.0744797 0.0744797 0.0744797 0.0744797 0.0744797 0.0744797 0.0744797 0.0744797 0.0744797 0.0744797 0.0744797 0.0744797 0.0744797 0.0744797 
PktLoss: 0.00922245
5x5 Grid:

throughput: 403.107 404.918 405.979 406.947 407.58 407.968 408.484 409.032 409.634 410.129 410.775 411.273 411.769 412.177 412.691 413.016 413.405 413.781 414.106 414.542 414.923 415.192 415.545 415.864 416.191 416.47 416.813 417.104 417.39 417.681 418.002 418.254 418.482 418.722 418.982 419.256 419.521 419.723 419.935 420.108 420.291 420.45 420.65 420.836 420.977 421.127 421.293 421.453 421.581 421.709 421.868 422.03 422.19 
300s: 428.904 433.404 415.982 410.372 446.297 416.115 410.668 429.57 427.291 424.715 416.396 429.215 417.166 419.757 424.641 444.446 435.491 414.961 414.665 435.906 426.699 417.699 432.397 423.605 418.306 416.974 409.795 430.592 440.968 409.736 410.772 425.322 428.682 441.308 409.573 410.698 413.155 416.13 415.198 425.174 411.867 412.548 413.066 439.473 427.838 427.898 429.778 420.763 416.456 427.75 441.812 420.201 424.952 450.012 434.277 411.097 415.834 423.087 420.793 413.599 419.342 411.675 429.615 420.112 416.322 422.806 436.586 428.608 436.157 409.084 438.378 412.592 413.14 427.158 432.531 409.114 413.17 409.351 416.663 430.192 426.639 418.365 423.531 415.153 414.65 417.507 415.553 419.594 421.548 416.456 407.293 428.209 424.271 420.289 424.508 424.02 427.542 413.14 428.164 411.911 
fairness: 0.88445 0.885418 0.886405 0.886474 0.886432 0.886498 0.88601 0.8856 0.884518 0.883336 0.882356 0.881152 0.880009 0.879112 0.878082 0.876963 0.875978 0.875139 0.874166 0.873057 0.872101 0.871237 0.870231 0.86933 0.868416 0.867683 0.866755 0.865867 0.865139 0.86444 0.86373 0.86284 0.862111 0.861413 0.860566 0.859825 0.859075 0.858482 0.858004 0.85747 0.856883 0.856311 0.855889 0.855397 0.855034 0.854642 0.854293 0.853963 0.853616 0.853331 0.85301 0.852622 0.852201 
300s: 0.823349 0.821627 0.889074 0.890916 0.762782 0.890673 0.895365 0.827246 0.847353 0.86748 0.874497 0.823699 0.875835 0.856723 0.839821 0.769356 0.803309 0.861619 0.876199 0.784194 0.799869 0.880577 0.802159 0.847182 0.88538 0.880905 0.885772 0.825733 0.768013 0.893132 0.884866 0.85027 0.824919 0.779478 0.895231 0.895195 0.892414 0.883602 0.89357 0.842208 0.898374 0.886416 0.890128 0.796985 0.809537 0.830778 0.804446 0.882236 0.882454 0.831277 0.779343 0.858782 0.835915 0.726781 0.822881 0.895074 0.882002 0.860106 0.85199 0.892362 0.877912 0.892229 0.814324 0.871084 0.886093 0.866658 0.793061 0.81803 0.800128 0.901054 0.792052 0.888059 0.893107 0.805454 0.818542 0.897836 0.892187 0.895727 0.889527 0.806899 0.844963 0.871623 0.864876 0.882039 0.889611 0.867421 0.879312 0.866947 0.846361 0.876291 0.897168 0.794514 0.839237 0.867689 0.817027 0.836971 0.825303 0.895538 0.858145 0.889648 
meanDelay: 0.1216 0.1216 0.1216 0.1216 0.1216 0.1216 0.1216 0.1216 0.1216 0.1216 0.1216 0.1216 0.1216 0.1216 0.1216 0.1216 0.1216 0.1216 0.1216 0.1216 0.1216 0.1216 0.1216 0.1216 0.1216 0.1216 0.1216 0.1216 0.1216 0.1216 0.1216 0.1216 0.1216 0.1216 0.1216 0.1216 0.1216 0.1216 0.1216 0.1216 0.1216 0.1216 0.1216 0.1216 0.1216 0.1216 0.1216 0.1216 0.1216 0.1216 0.1216 0.1216 0.1216 
300s: 0.121209 0.116422 0.120855 0.120587 0.119385 0.12006 0.120626 0.122178 0.123775 0.119816 0.122303 0.117707 0.122088 0.118722 0.128325 0.117221 0.12384 0.121183 0.123337 0.117044 0.118278 0.122109 0.125554 0.118314 0.122911 0.123636 0.117035 0.116735 0.117836 0.125293 0.12247 0.119119 0.122493 0.125817 0.121773 0.121813 0.115719 0.124938 0.120566 0.122733 0.119775 0.12119 0.122554 0.11892 0.117581 0.123057 0.122914 0.119851 0.122332 0.121503 0.119263 0.12904 0.123484 0.124303 0.124896 0.12296 0.121514 0.123559 0.123791 0.115254 0.126432 0.12163 0.121358 0.1265 0.12223 0.116843 0.120717 0.121803 0.127322 0.124068 0.120165 0.121063 0.118163 0.129044 0.120525 0.120887 0.118875 0.126716 0.124851 0.121074 0.124202 0.121304 0.119238 0.122282 0.122985 0.125871 0.118203 0.117913 0.125645 0.121755 0.123361 0.116585 0.115637 0.124389 0.117199 0.12384 0.125576 0.120356 0.125843 0.117996 
PktLoss: 0.0113961
6x6 Grid:

throughput: 1459.71 1309.21 1209.81 1141.17 1091.9 1054.5 1024.41 1000.28 980.333 963.914 949.611 939.928 931.447 922.818 915.699 908.892 903.142 897.986 893.003 888.482 883.951 880.312 877.145 873.901 871.283 868.637 866.564 864.352 862.476 860.555 858.577 856.873 855.106 853.69 852.14 850.628 849.43 848.255 846.992 846.107 845.019 844.087 843.38 842.855 842.266 841.844 841.247 840.285 839.638 839.244 838.671 838.354 838.112 
fairness: 0.658518 0.675166 0.687737 0.696489 0.703795 0.709846 0.714311 0.717045 0.720487 0.72305 0.725219 0.725632 0.725733 0.726134 0.726646 0.727477 0.728406 0.728964 0.72989 0.730281 0.730852 0.731371 0.73176 0.732197 0.732617 0.732047 0.731503 0.730674 0.729806 0.729161 0.728708 0.728271 0.72766 0.727191 0.726839 0.726499 0.725852 0.725319 0.724724 0.724157 0.723793 0.723345 0.722674 0.721981 0.721245 0.720621 0.720052 0.719809 0.719496 0.718918 0.718415 0.717904 0.71726 
meanDelay: 0.0837058 0.0837058 0.0837058 0.0837058 0.0837058 0.0837058 0.0837058 0.0837058 0.0837058 0.0837058 0.0837058 0.0837058 0.0837058 0.0837058 0.0837058 0.0837058 0.0837058 0.0837058 0.0837058 0.0837058 0.0837058 0.0837058 0.0837058 0.0837058 0.0837058 0.0837058 0.0837058 0.0837058 0.0837058 0.0837058 0.0837058 0.0837058 0.0837058 0.0837058 0.0837058 0.0837058 0.0837058 0.0837058 0.0837058 0.0837058 0.0837058 0.0837058 0.0837058 0.0837058 0.0837058 0.0837058 0.0837058 0.0837058 0.0837058 0.0837058 0.0837058 0.0837058 0.0837058 
PktLoss: 0.00656259