3x3 Grid:

throughput: 649.839 598.161 564.787 541.266 524.47 511.069 500.509 491.548 483.679 477.291 471.378 466.467 462.31 458.062 454.552 451.612 448.642 446.405 444.558 443.112 441.547 439.907 438.362 437.263 436.157 434.938 433.908 433.009 432.215 431.501 430.856 430.291 429.822 429.424 428.902 428.235 427.566 427.075 426.62 426.317 425.976 425.642 425.342 424.987 424.556 424.29 423.936 423.692 423.398 423.09 422.836 422.581 422.409 
fairness: 0.584593 0.583231 0.579105 0.578034 0.577141 0.576084 0.574791 0.573461 0.572621 0.572325 0.571991 0.572664 0.573418 0.574136 0.57384 0.573629 0.573901 0.574373 0.574167 0.573777 0.573523 0.574087 0.574484 0.574446 0.574746 0.574733 0.57452 0.573972 0.573622 0.573743 0.573227 0.572767 0.571898 0.571088 0.570497 0.570553 0.570766 0.570698 0.57067 0.570249 0.570281 0.570165 0.570257 0.570108 0.569733 0.569286 0.568943 0.568539 0.568439 0.568314 0.568002 0.567754 0.567318 
meanDelay: 0.220388 0.220388 0.220388 0.220388 0.220388 0.220388 0.220388 0.220388 0.220388 0.220388 0.220388 0.220388 0.220388 0.220388 0.220388 0.220388 0.220388 0.220388 0.220388 0.220388 0.220388 0.220388 0.220388 0.220388 0.220388 0.220388 0.220388 0.220388 0.220388 0.220388 0.220388 0.220388 0.220388 0.220388 0.220388 0.220388 0.220388 0.220388 0.220388 0.220388 0.220388 0.220388 0.220388 0.220388 0.220388 0.220388 0.220388 0.220388 0.220388 0.220388 0.220388 0.220388 0.220388 
PktLoss: 0.0308532
5x5 Grid:

throughput: 473.927 485.458 493.317 498.582 502.265 505.085 507.088 508.607 510.024 511.29 512.471 513.444 514.257 515.052 515.631 516.15 516.626 517.131 517.518 518.012 518.408 518.776 519.053 519.38 519.715 519.855 520.15 520.379 520.654 520.894 521.063 521.218 521.346 521.511 521.609 521.656 521.726 521.864 522.04 522.191 522.29 522.435 522.539 522.662 522.687 522.7 522.739 522.8 522.825 522.909 523.007 523.006 523.105 
300s: 519.859 520.345 524.127 521.304 525.828 525.227 521.682 518.566 524.426 523.803 523.281 523.894 524.367 520.866 522.587 524.654 523.049 524.461 520.088 517.103 523.233 523.627 522.293 524.233 527.517 525.134 520.16 523.181 525.662 525.119 521.189 522.373 522.482 523.037 517.265 521.968 522.396 522.385 527.087 522.132 525.593 523.396 524.81 525.003 518.93 521.533 519.779 522.384 526.285 524.181 523.215 521.642 527.692 521.606 524.82 520.499 526.988 523.862 527.352 524.888 526.516 519.958 521.775 525.171 525.299 526.849 523.003 524.804 520.164 521.305 523.952 518.886 523.799 519.738 522.35 524.429 521.824 526.193 525.647 522.597 526.188 521.157 520.214 522.566 525.305 520.442 526.165 519.333 524.052 521.667 523.756 525.009 521.703 521.815 526.971 519.224 525.788 523.408 523.888 521.058 
fairness: 0.512963 0.509816 0.50857 0.506949 0.505689 0.504862 0.504413 0.50415 0.503768 0.503559 0.503289 0.50277 0.502315 0.502188 0.502136 0.502045 0.501825 0.501654 0.501526 0.501404 0.501166 0.501156 0.500993 0.500942 0.500956 0.50098 0.501073 0.501049 0.500985 0.500852 0.500761 0.500711 0.500727 0.500686 0.500709 0.500762 0.500821 0.50073 0.500684 0.500616 0.500593 0.500534 0.50054 0.500524 0.500503 0.500521 0.500553 0.500481 0.500438 0.5004 0.500345 0.500344 0.500299 
300s: 0 0 0 0 0 0 0 0 0 0 0 0 0 0 0 0 0 0 0 0 0 0 0 0 0 0 0 0 0 0 0 0 0 0 0 0 0 0 0 0 0 0 0 0 0 0 0 0 0 0 0 0 0 0 0 0 0 0 0 0 0 0 0 0 0 0 0 0 0 0 0 0 0 0 0 0 0 0 0 0 0 0 0 0 0 0 0 0 0 0 0 0 0 0 0 0 0 0 0 0 
meanDelay: 0.355436 0.355436 0.355436 0.355436 0.355436 0.355436 0.355436 0.355436 0.355436 0.355436 0.355436 0.355436 0.355436 0.355436 0.355436 0.355436 0.355436 0.355436 0.355436 0.355436 0.355436 0.355436 0.355436 0.355436 0.355436 0.355436 0.355436 0.355436 0.355436 0.355436 0.355436 0.355436 0.355436 0.355436 0.355436 0.355436 0.355436 0.355436 0.355436 0.355436 0.355436 0.355436 0.355436 0.355436 0.355436 0.355436 0.355436 0.355436 0.355436 0.355436 0.355436 0.355436 0.355436 
300s: 0.349056 0.361606 0.384168 0.359699 0.348042 0.368779 0.358739 0.340235 0.358639 0.343846 0.342509 0.338821 0.332753 0.344467 0.340056 0.350707 0.364084 0.35414 0.381359 0.336484 0.376564 0.371346 0.327272 0.320744 0.323717 0.349606 0.341861 0.369108 0.37725 0.348642 0.372533 0.329239 0.321147 0.356347 0.331895 0.369263 0.350564 0.320693 0.398211 0.402561 0.358838 0.336679 0.340327 0.353805 0.366362 0.367195 0.336337 0.330104 0.376575 0.357226 0.347247 0.311104 0.359605 0.363496 0.360551 0.344972 0.349856 0.33388 0.342358 0.379782 0.35809 0.363361 0.34362 0.382684 0.391609 0.381925 0.362644 0.373536 0.350206 0.378771 0.351004 0.360444 0.344247 0.300066 0.32039 0.356391 0.361248 0.355335 0.351597 0.356132 0.37892 0.366542 0.380784 0.327116 0.336356 0.332553 0.321354 0.356352 0.376351 0.357356 0.33159 0.373601 0.351538 0.389504 0.354263 0.386995 0.360263 0.416108 0.36211 0.407553 
PktLoss: 0.0388037
6x6 Grid:

throughput: 3856.45 3308.85 2953.2 2702.38 2516.29 2373.73 2263.26 2173.26 2099.18 2037.32 1983.79 1937.13 1896.34 1861.1 1829 1799.63 1773.62 1750.48 1730.55 1711.93 1694.4 1678.5 1664.39 1650.79 1640.73 1635.73 1631.11 1626.86 1622.74 1618.97 1615.45 1612.22 1609.22 1606.08 1603 1600.42 1598.17 1595.47 1593.28 1591.12 1588.8 1586.61 1584.59 1582.77 1581.06 1579.44 1577.92 1576.24 1574.75 1573.37 1571.87 1570.57 1569.55 
fairness: 0.414635 0.421623 0.427658 0.432887 0.437595 0.441319 0.444419 0.446916 0.448971 0.450833 0.452657 0.454299 0.455777 0.457163 0.458529 0.459694 0.460857 0.461718 0.462511 0.463163 0.463927 0.46442 0.464927 0.465419 0.465783 0.465746 0.46547 0.465102 0.464787 0.464433 0.464267 0.463864 0.463495 0.463131 0.462877 0.462418 0.462028 0.461665 0.46128 0.460855 0.46051 0.460181 0.459867 0.459542 0.459253 0.458903 0.458567 0.458276 0.45796 0.45768 0.457376 0.457068 0.456807 
meanDelay: 0.215928 0.215928 0.215928 0.215928 0.215928 0.215928 0.215928 0.215928 0.215928 0.215928 0.215928 0.215928 0.215928 0.215928 0.215928 0.215928 0.215928 0.215928 0.215928 0.215928 0.215928 0.215928 0.215928 0.215928 0.215928 0.215928 0.215928 0.215928 0.215928 0.215928 0.215928 0.215928 0.215928 0.215928 0.215928 0.215928 0.215928 0.215928 0.215928 0.215928 0.215928 0.215928 0.215928 0.215928 0.215928 0.215928 0.215928 0.215928 0.215928 0.215928 0.215928 0.215928 0.215928 
PktLoss: 0.00804876